2.581553837107318
1.8892514340265987
2.146704542641804
2.0565410364891585
2.3812573846243836
1.9308945572386258
2.670371340876406
1.9443110966477402
2.470647072560751
1.9536481408910842
2.2825467323731834
2.540398349948152
2.6541929994152573
2.807716951242589
2.1527379747319744
1.9492134530802403
1.781825110147743
2.0934810278772256
2.2485956492952432
2.10293096274964
2.147053502251123
2.5525844092516135
2.032073953036723
2.5338313667420533
2.025252010609313
2.1770891116406017
2.339387026362251
2.318593649535892
2.9364451285979785
2.756182196841123
2.1960408397038527
2.2195500069311014
1.84832159191892
2.2565790373570933
1.9583157849926307
1.9724880854784548
2.617655608209588
2.3930699141853413
2.4580177679978332
2.338509505163415
2.47963634299845
1.8571925500939421
2.5437597783441914
2.5722640434697315
2.208594963648956
2.0070488049422837
1.5559430452251768
1.7480776661001185
2.3788506721083067
2.2832935668197214
2.1248975200434357
2.488329192443491
2.401841774093727
2.0251958498447777
1.932341621488703
2.015721546359327
2.4099135785921137
2.6236125485559523
2.1648818475182923
1.844826463162982
2.0275815505061985
1.9120082749849263
2.3567504300596562
2.581553837107318
2.106331303935333
2.2339109363145493
2.0454370363930274
1.7623495488344498
2.7680284176230123
2.2439642359150844
2.3633823197731334
2.8683726352588796
2.8622548211469434
2.4501569509668646
2.1549750279560804
2.360801051286011
2.272167494446932
1.542005330558747
1.8398050933405306
2.339618914737766
2.339387026362251
2.336203521871229
2.0371981125866823
1.98845956613089
2.4624720807502065
2.2550071765071755
2.0951869850037244
2.6870378581468075
2.3796657943275497
2.2693550000038436
1.853657339201322
2.53665093922342
1.9897406495906345
2.1628272492597143
1.976943366788186
1.8122429488222465
1.8298710827681497
2.6587388418605817
2.1920602235085456
2.3512407964470814
2.0324026495980285
2.1569055852217414
1.8224148547939993
1.9118444515793138
2.0325563581285295
2.763212325502942
2.8329607497301317
1.9544643139510436
2.1377427738369676
2.211731478897456
2.01364176403229
2.0335206674817146
2.256669664125377
2.320597804374509
2.23527203300776
2.609961085927319
2.4274817093590997
2.3646467113425063
2.4515637282511564
2.556150738328164
2.3521002437022034
2.5289327777721735
2.4927267403005455
2.530605017097183
2.0217584440259753
2.38651967441525
2.889965924291617
2.8698352240985594
1.8302815144224847
2.1346370807626047
2.8378140949538504
2.0364001930697664
2.090789775275747
2.3187187163782084
3.056696340608341
2.7399345136088473
1.9413850006389421
1.989864571173288
2.483502022344214
2.508718973302145
2.7017935613207253
2.3290749275014426
2.416867982484363
2.656680918197048
1.9622547898132794
1.9726351344913478
2.8116617450779278
2.42934474326431
2.0550101288244873
2.1248153106036343
2.47211419882793
2.381017436120701
1.9712885427535602
2.025917345977183
2.159228057106096
2.774838383767399
1.2065355237964563
1.2065355237964563
1.2065355237964563
1.2065355237964563
3.012844410799028
1.2065355237964563
2.179441684489937
1.2065355237964563
1.8557332121014363
3.094319140166549
2.578776853395393
2.4098747225264106
2.4736945675246496
2.0979712932727406
1.2065355237964563
2.542104811316734
1.9002809069276505
2.6051203376487075
3.262183121281503
2.9132729661070114
2.481616733137734
2.4886258239519536
2.6051771106998953
1.622392013329361
2.2373078098318597
2.5598721360239622
2.39821681693417
2.415459310769266
2.6754413286438843
2.9415871827771642
1.2065355237964563
2.6816577866893963
2.50554322007593
2.1691000671521463
2.2086794279570174
2.2400659039065003
2.927122016097946
2.8486700535632385
2.8283221990248797
2.7191441565192638
2.6545907478646957
2.6151101125563514
2.682215089629501
1.884900199411344
2.4108653126782578
1.6819445467475969
2.2087144366813027
1.7945891786315076
1.5377319580123638
2.2774055673083975
2.0951394679703714
2.5221879811913173
2.72980575345224
2.1126371552706638
2.558651975128138
2.7008250383414856
2.2489928554885057
2.635669857111863
2.099577847591718
1.7380688014263228
1.982128109135508
1.5587134075214113
2.932909648501657
1.6527901724483987
1.7379339740452604
1.970723130202977
2.1041058331732008
3.400285543212436
2.326353863633448
2.8298179897870863
1.738055725255958
2.2969926289619003
1.933508020567962
1.8678582778406414
2.0877723573328226
1.6858183886105205
2.88332928080223
1.700991103872283
1.9376567189825873
2.34758790046492
2.338814817244374
2.254335745970015
2.1361541187633946
2.1705507865997182
2.1963584276572847
2.185300246313195
2.310142925821609
1.2065355237964563
1.2065355237964563
1.2065355237964563
1.2065355237964563
1.2065355237964563
1.2065355237964563
1.2065355237964563
1.2065355237964563
1.2065355237964563
1.2065355237964563
1.2065355237964563
1.2065355237964563
1.2065355237964563
1.2065355237964563
1.885775841891428
1.8089364087089557
1.2065355237964563
1.8379447436320149
1.2065355237964563
3.199588470452036
2.181063817678387
2.207521762186688
1.2065355237964563
1.2065355237964563
1.2065355237964563
1.93283112056395
1.2065355237964563
1.2065355237964563
1.2065355237964563
1.2065355237964563
2.52648786305327
3.0490059393509377
2.981752848555846
1.2065355237964563
1.2065355237964563
2.828973500097967
1.8428200085905588
1.2065355237964563
1.2065355237964563
2.1960237842088515
1.9954647012499802
2.679123515860917
1.2065355237964563
1.2065355237964563
2.0717603639321536
1.2065355237964563
3.0625178760933953
2.373407080100249
1.2065355237964563
2.5882362050687537
1.2065355237964563
1.2065355237964563
2.772785442143203
1.2065355237964563
2.7040132333473035
1.2065355237964563
3.0536919921478756
1.9529843815337167
1.758088607034272
1.2065355237964563
2.4305972834923493
2.8207476036828076
1.2065355237964563
2.25413313860863
2.4403958940030392
1.2065355237964563
2.6791445332439543
2.3363808981221523
1.2065355237964563
2.520358423415002
2.5516914422453794
1.2065355237964563
1.8606789348412143
2.1172777512387437
1.2065355237964563
2.078193336527756
2.7782075332699963
1.2065355237964563
2.1451406417807655
2.3788932320793474
1.2065355237964563
1.9614289550285262
1.2065355237964563
1.7272643074733922
1.9697244318153777
2.2114813784000833
2.183279589961502
2.083514621006992
2.455928128957005
3.0402992590096676
1.2065355237964563
2.059522948037924
2.5308468277069736
2.063964463778085
2.681538384654836
2.029685505880938
1.2065355237964563
1.2065355237964563
2.6277958825757284
1.7272643074733922
1.6509925353390054
1.9890261222425414
2.307016911455866
1.2065355237964563
1.9389483775074356
1.2065355237964563
2.0510890826006336
2.4127452235951115
1.2065355237964563
2.9276262339585855
1.2065355237964563
2.810137666040434
3.324954289349141
1.2065355237964563
1.6286283138137576
1.2065355237964563
1.2065355237964563
1.2065355237964563
1.2065355237964563
1.2065355237964563
2.0755254164507244
1.2065355237964563
3.3116365177262095
1.2065355237964563
1.922906663788381
2.073525044860729
1.2065355237964563
1.2065355237964563
1.400353206339399
1.940742209739043
2.329790134657934
2.3752894257260087
2.4401299689526756
2.4276344950607815
2.075985051739912
2.3909596345976234
1.2065355237964563
2.6090050548359036
2.7708042012990037
2.600594718243501
2.7828760862807442
2.521302429000138
2.2647750934030157
1.8718599358294228
1.7271555087232606
2.8168249268004275
1.924204830064466
1.9744482361081577
2.3772085191914862
2.3347633898180735
2.735934636886188
2.290960359602274
1.8744092804472445
2.582660070082487
1.6501662585271446
2.3326994696972028
2.523179305382116
1.5834506041147638
2.487206550111394
1.72434440574143
2.861496232311751
1.9813003031647212
2.1674520886399984
2.803938930039103
2.8361282620537347
1.2065355237964563
2.0524824266417845
2.023503575830078
1.2065355237964563
2.0762868686209393
1.9843708579089885
1.7933956224799412
2.5846645662294367
1.9228270325302599
2.993360048602273
1.2065355237964563
2.63253665302974
2.5794172767061916
1.6913313255718627
1.2065355237964563
2.0071650034460213
2.0170889206415454
1.2065355237964563
1.2065355237964563
2.6400342264447816
1.2065355237964563
2.1907130912914434
2.6756651462644503
1.2065355237964563
2.6863600280844016
2.4684352479406533
2.145247687414343
2.336092817665173
2.5191678290180413
2.183242582678113
2.2720654969171297
1.2065355237964563
1.6803787391272562
2.2913049996646317
1.7977041038286998
2.3377810480335603
1.2065355237964563
2.2025530027681053
2.1227303195018163
2.341874476996024
1.8858617010983063
2.5683854347517987
2.2384678236270017
2.2128319189425305
3.2016754665255136
1.8595927861467743
3.042194505147079
2.8204772872499286
1.9405223553140476
2.393190986962433
3.330827080304797
2.0774772956395
3.073193534659602
2.0322701696044154
2.0068008240032262
2.5656854800563185
2.634850273501087
1.2065355237964563
2.4630593418794136
2.1426171323485295
2.7522482981783716
1.2065355237964563
2.679381838240543
1.2065355237964563
2.515538270852964
2.4319683439439834
2.269211102645309
3.160093639066282
1.996193501564362
2.18758190745503
2.985345152355272
1.7379912133539055
2.3433323308838467
2.1228022880488724
2.41107994682903
1.8313848902870395
1.2065355237964563
1.6256272329697958
2.3843627194120782
1.2065355237964563
2.870669321940492
1.2065355237964563
1.2065355237964563
1.7489627738124376
2.67632451106993
1.7008103443114742
2.13266085544494
3.380452395622916
2.344658983263447
2.5700246546028738
1.787792331319222
1.2065355237964563
2.298074275597048
2.3778158032209507
3.0085603231858435
1.9619929279173256
1.3582686565557383
0
3.0093263350875263
1.866495858155146
2.036583023655375
2.64755013311172
0
2.9627651484017044
0
1.7301221024695321
2.816044447647734
1.6818579862750187
2.224016458705309
2.710956192926656
2.335309517666705
2.6506916486086345
2.491323027195478
2.4165864604130416
2.386028869810859
1.8521743964109678
2.177924005016467
1.718331835698856
2.6483216381472268
0
2.66403639313632
2.92448653216321
1.9320672610929934
0
1.8100754441168643
0
0
3.1801918136078258
0
2.4528867250695456
2.2674569958607576
2.4798028514532207
1.9011167110906617
2.140921032207131
2.016299208191733
1.9356718196890341
0
0
2.401969688256671
2.8563340361885436
0
0
0
2.7906577505526
2.5902051584671932
2.3677002378933856
2.807905510622466
0
1.727409058818586
2.5860785458181
2.717916039151021
2.2765645374814607
1.7047954333587383
2.455522339117904
0
2.416333593521859
2.032159458277073
2.5101876343269023
2.6075252209234328
2.2336917729215844
0
0
0
0
2.355887810320651
0
0
2.6606815193260434
2.748011103447973
0
0
0
0
1.8495873143876094
0
2.2424017215431533
2.588227668230753
0
2.6183959169796136
2.5993063538149217
0
2.301439549689282
2.3086069305384243
3.020861756864246
2.455393365579322
2.6429547358889556
1.991926645156661
3.1536812338284026
2.744973717142725
0
2.1154624610517123
2.989256944761587
1.9242830755128404
2.6679067377962675
0
0
0
2.83934205367664
2.4438594178074178
3.0034358005739286
2.219089496843367
2.931351591571286
0
1.8929824011061689
0
0
0
0
0
2.39856967140939
0
0
2.9105472460172117
2.4069133507983183
2.8533969010518114
2.371571800477746
0
0
2.5668261329406317
2.7153458431641972
1.5793040877959184
1.9765078200312174
2.8691263514294403
0
2.082276772221389
1.8267783851448307
0
0
2.6917302713168434
1.9480533430993296
2.862022617800309
2.7185731767072614
2.7315464532677787
2.936556590978373
0
1.8504404379717898
0
2.1275477498045485
2.5550143351816352
1.9503099830134631
2.6781037360953284
3.535288159048208
2.6232618723199015
0
1.9452809601802656
1.874036464338943
2.2258093406504877
2.341677611883422
0
2.4282315081214927
2.0678914917107045
2.0496245024730353
0
3.0550846278194603
2.2166301090413327
0
2.3087205560566013
1.9436821362729093
0
2.0616091787557305
1.9382176321868463
2.345884169270425
1.6235295473864322
2.4054315765510488
3.254604008624368
1.8844034650658021
2.2297056460102325
2.5466753722789814
2.711299707897741
2.676901766794091
2.146750090481137
2.55939821058384
1.7601034799777984
0
2.6710366976952105
0
2.2639590367988176
2.374980864037717
2.1621131278823
1.9269481439641818
2.706871008730053
2.00137913717479
2.8695459265800025
2.758986363643565
2.2594657012050745
1.8490362860526233
0
2.324357315492807
2.078436388352726
2.0229018468845523
1.8603304602886472
2.7761652294776282
1.9269023199231377
2.0151428288653257
0
2.4217388379682747
1.9375205754347258
2.8271224895900526
2.788562484372728
2.6785284686147803
0
1.9415144545067837
2.60001983208646
0
2.214876156382611
1.8694640371817077
2.854511617522968
3.002621095105176
0
2.443919993495531
2.082321736465868
1.8691229018814002
2.1754918746022476
2.94672869526657
2.9075872211694764
0
2.175431662940173
2.446655696536621
2.7211880579254237
0
2.086931422003407
2.735732174769651
2.411302237409435
2.8113702501361995
2.7939554622496576
2.927841794146213
0
2.779916381457573
2.8690055305615143
0
1.855913581462611
2.483951855723343
2.2355837259930134
2.616590607386109
0
2.3127652393074136
2.0597388232523293
2.714470284227523
2.5237344341844548
1.6757721632178546
2.712494523712737
3.2043090048710647
0
0
2.8752663342486975
2.895076620368288
2.209960081489946
0
2.7764124990931616
2.225057707192944
0
0
0
2.1743541168604614
2.373187385285968
2.38246832533705
2.346616314323984
2.725737981376449
2.4022600594666907
1.652977772153928
2.1582723195025575
2.1197873063291457
2.9535356547800395
2.671713644555971
0
2.3363803506457548
0
2.3601972342334583
0
2.5607685985830937
2.521056177091576
2.02969896578861
2.3101752176163726
2.7723823615055436
2.276343095943494
1.9019671647252026
1.8225019123766975
2.6734137675408345
2.1368996166526966
2.870115978396559
2.2280946057282343
2.795269147723056
2.5420742656920683
2.2928370944955625
2.099374295683676
2.2212389961268464
2.441262902960321
1.897008473712948
2.3884100829603683
2.373708389254344
2.4752413123115744
3.454013402957423
0
2.4541077313384587
2.3892326621050923
2.9518648955176627
2.674996083777234
1.8934357079646533
2.858416083846826
2.9068455141914926
2.784622925408887
2.6914493067804632
2.517616030320548
3.2993353284358706
2.230741002359922
2.186990334978824
1.9906099148386125
2.9717827542095394
2.35044221951177
2.0970116838367145
2.539615476127239
2.7629433913126733
2.567035203635216
2.3565221445530264
2.688628256377271
1.8931467494718042
2.949456983865644
2.7763413714626872
3.176868078891234
2.2645868572328363
2.2589209087611306
1.4191519507035644
2.3151387782906223
2.6544358153279544
2.695947534305077
2.7833247283059026
2.1767818514128803
2.9055509702708773
2.9078382217748397
2.6881063994974963
3.0522640845444227
2.6974501601191085
2.3858403019774133
2.7169046369282057
2.289366646987886
2.8921390877018642
2.150683952591657
2.1467719133175227
2.647674233496769
2.3207677510887144
2.5364329270406336
2.6623576360214316
2.875816308488805
2.933085155521063
2.313774009506054
2.9414983904552314
2.4515059476108676
2.861606912228691
2.131004658604341
3.0760744787156717
2.7033958097128803
2.1848139745226915
2.8415264506111564
2.158491795119687
1.6452852802583684
1.884667343503717
2.362772111647089
2.287495159329628
2.0361787656295025
2.3114793695192475
2.085607299252219
1.8094625533727613
2.511804308333476
3.1082518932360657
2.360774499307865
2.227395517788657
2.6632405841817803
3.0239356286353747
1.9760676313900523
2.5769748267494266
1.8044980033953562
3.1542844413154043
2.278526094689761
2.6284467575231427
2.7450781186690505
2.8094055772370186
2.470727351711151
2.8023048046308285
2.5375943587692604
2.8694503116730297
2.7082562702273654
2.6911429503414563
2.4337446474380906
2.043896889039122
2.6451648967070236
2.6494931500427
1.8961872959940465
2.891942854714705
2.04048577886057
2.02455081328821
2.0270283560992532
2.0966710511031956
2.891530592130936
2.9821166680412587
2.184926273570699
2.1031894549979344
2.7266108108948446
1.7540102080713893
2.2057339193023773
1.9023610396652604
2.0906748595114566
2.80937278858135
2.0400437716778557
2.8582464479532277
1.529845453555537
2.698853928220385
2.4721347808117096
1.8864341749455462
2.754366798272815
2.20958491443621
2.0717356904274338
2.584820283545581
2.7120050966029976
2.1336690328627403
1.948222170981428
2.117706769356988
2.703451182297435
2.610222628361081
1.9928827089237946
2.1114795488848865
2.6883603178321875
3.0127889320076693
1.9724788223422018
2.2431375334131483
1.825492036373282
2.712977334803837
2.2669310849542654
2.611437564034661
2.4366317277053606
3.0250148473297642
1.8904262088947643
2.2874794693840275
2.0029538938103126
1.9606845715318826
2.1270936681821384
2.088401131845187
2.5592986049757758
1.7519650098247814
2.74048434470727
2.539655578205979
2.8098127782790274
2.0743980686038603
2.915592208860141
2.300710380923825
2.0460568392607783
2.408669854098835
1.7927211512908383
2.5464212653648217
2.8329653521323754
2.7059114554367514
2.1737047011570696
2.486222232265087
2.5940289743087597
1.7641647902165138
2.3394839768698072
2.302979523881864
2.684766224237948
1.943469697877327
2.879968064485586
1.8197995726512843
2.4865694341906743
2.3823734203725437
2.051001872910776
2.6218608714331535
2.3579360268565
2.448694803628268
1.7666088795933688
2.6127996407853704
2.039094290692899
2.0501049910347366
2.4847066391082206
2.202855522535706
2.2754617577137037
2.9089862618957105
3.093313780304683
2.880961479694986
1.8574694184871516
2.146495793591386
3.0869198047521422
2.1823009678339087
2.210875650367452
1.7437807702576122
2.739559947455791
2.4876299507610127
1.7552149986409495
2.085333273879903
2.5646025927895706
2.201498665726106
2.253472960684152
2.9232122057711734
2.20834223866085
3.042492227726778
2.416561336559034
3.0218793172641476
1.8338071602480819
2.2697770850498795
1.9955914952886458
1.8195311661173543
2.6656734928695336
2.789498891360499
2.545287754897551
2.1084741131889047
2.7294574130863767
3.0057635297879592
1.774058410069478
2.0490637012616735
2.7126387919004946
1.6297638853462806
1.8023230571557904
1.8981624777172812
2.182018713382697
1.9797542318138064
2.377267937558202
2.542353844622299
2.0378909165900025
2.4304064403326904
2.938636185066302
2.404616919835581
2.2230826918832634
2.283063313886952
2.251062182923747
2.782221442784871
2.7807967158517934
2.4076730578721772
2.605166010442415
2.2423744191548964
2.4309445107179797
2.718212409726648
2.6485745335697573
2.2580459202339287
2.2712774786113084
2.6860388950409706
2.4235825446627537
2.6650622941693745
2.689456747648261
1.885557614685351
2.1163379197338874
0
2.6483967308967493
2.1033630318189553
2.6485213920600708
2.5859896292290223
2.7900212128569506
2.5571102182116783
3.029059294468729
1.9636420564431016
2.667402332811852
0
0
0
0
0
0
0
0
0
0
0
0
0
0
0
0
2.636067055334811
2.112507314385579
2.3742562476262785
2.73033865151973
0
0
0
2.4105785686116903
2.3031970947891676
2.212663831321111
2.0594784727721867
0
0
2.8870857974203767
0
0
0
0
1.9762680439406188
2.732956667739372
2.2445185383789235
2.5988706904061836
2.7276410051785946
2.8746320626274957
2.541121262854048
2.9191169288052365
0
0
0
0
0
0
2.58734168995999
2.3027739533550085
3.0081714738076792
2.8010092206360016
0
2.6292146763872752
3.0449768589607205
2.4019795024175106
2.8635766648471925
0
0
2.8195104296368285
2.674249846773179
2.667897316145318
3.3931650818736854
0
0
0
0
2.7591697684061036
2.3971739133677805
2.7221725133367594
2.9007061189028764
0
0
2.892845277617615
2.623674178519164
2.2237748128416746
2.567413247434896
0
0
0
0
0
2.465879793187649
2.3762758874424144
2.1439435960140933
2.5919344260385677
3.0782159446405
0
2.3676196165436494
2.0069656228474466
2.3303049139940697
2.7721646475136748
2.650273011045771
2.828012139972743
0
0
0
0
0
2.6263599514610405
2.20848334016841
2.061592357731504
2.60558047295481
3.0409115194534246
0
2.3063892833259008
2.032793722160442
2.467809460429148
1.9337466749083732
0
0
0
0
0
2.398578832324003
2.5793424874269957
2.216522257925582
3.0308081931241087
0
0
2.0255628607670944
0
2.589620717230525
2.761817166528236
2.777129463592782
0
0
0
0
2.4206694544306515
2.743907959174879
1.9977287314433607
2.529946322109664
0
2.2363526056399077
2.316469709651384
1.7629041761247026
2.697491674286659
0
0
2.9722632576544803
0
0
0
0
2.0044096171516186
1.9219052217611026
2.542784478925767
2.7783535360472533
0
0
2.9006964610368593
1.6388238257545673
2.2698472410791286
2.3822028512122593
2.6532054208371747
0
0
0
0
0
0
2.550547807768985
2.0494318079183182
2.5130074401023434
2.1194080748537556
2.3092537813023566
2.8647651729501096
2.5452105700469208
1.9594375145932237
0
3.1997729034997513
2.7081160433031615
0
0
0
0
2.535143931558754
2.6973943682298898
2.3320966686079454
2.8262872684068467
0
2.952510067969102
2.282461210516745
1.8999261969905175
2.0311448780204735
0
0
0
0
0
0
2.5021253792719005
1.923142627580424
1.9910513753153336
1.9101506816565181
0
2.374707505626593
2.2965051427947856
2.4915559345413674
2.57800183848609
0
0
0
0
2.2219648840531363
2.698727185096466
1.8013261216415881
2.4662166648613346
0
0
2.436212123474255
2.6105438416043247
2.835149595817178
2.2491562109590553
0
0
0
0
0
2.532872486799144
3.203577757014791
2.198930870872244
1.9607586268067863
0
0
1.750802831992415
2.66364823433493
2.224096594699283
2.1745310280397345
0
2.5687427403560164
1.5622023708028654
2.3259029824538087
2.3044837549356516
2.1446985900792797
1.963338409129465
2.162640094392688
2.3990545219488304
0
1.7371206320387254
1.8447312528981785
2.5243957333198246
2.950029727222604
1.9636889180723822
1.8810427928157123
2.2860845715270885
1.8231394991717225
0
1.3926023898640023
2.208617492594352
1.979308912601029
2.670405051908518
0
2.4030328489438872
2.4403533323569473
3.0195019179899054
2.2252163649986247
2.338380050521679
2.0445399455750457
2.341689225282318
2.331501484932761
2.0324406820999
2.090220076579432
2.748806259660224
2.572456923091221
0
0
1.8925391267618383
2.3463613368108054
2.221646267940441
2.8168612085689992
0
2.242423993844091
2.521665810826945
1.8516035057002087
2.093474148849979
2.23932662130718
3.4510479550539634
2.770533271860349
2.8735553939642937
0
2.562169685114093
1.943909086960214
2.1517317469400905
2.142406228107466
0
2.16667698865446
2.356808621375451
2.4099658924224023
1.9415153526270563
1.8766408225686442
2.2248234832981604
3.1430757728059606
2.665160739073305
0
2.144514049913222
2.674164052734934
2.82836169775204
1.9552221571220187
0
1.9920498604330639
3.1792928021526468
2.1501099990249735
2.784324334199704
2.5468977641170456
2.5348431071358664
1.7711135739192327
1.9876323366403355
0
2.096503015374901
3.218464656260923
2.1307037031975917
2.366520440066367
0
2.410837667685991
2.238836419605125
2.1557327106040716
2.134714199069813
2.0561374433972612
2.469407836684784
3.1365911782359617
2.8398020721859956
0
2.3119773614904373
2.0548102275931104
2.8138698854970303
2.0362239680182537
3.0776860682872287
0
2.865465429274561
2.940560579137627
2.2418273554641086
2.8715372744537597
2.137995269889641
1.8001739613733565
2.4418324238979903
2.254897650267729
3.183705556527964
1.8760889895696709
2.8096439674422635
3.3157760612629144
2.4207639841359327
0
1.9153956311516351
2.161359997893446
2.865416967884133
3.1524059281040886
2.116311847724709
2.1931340566961954
2.2097328657392716
2.608317344536373
2.812378343128453
2.1696213695545215
2.7308573691060305
2.9995641433447684
2.3271205556582912
0
2.1174074166046446
2.12710451122322
2.2047171409661748
2.0369449150376595
2.0046710591072077
3.1781596051688115
2.9550366658816114
2.0387607118159212
0
2.025872639954105
2.5245000814154674
1.9618697298602523
1.887889979403737
0
0
0
0
0
2.9886124214505614
1.99166204943415
2.6749925522980997
2.6372166379584643
0
2.877233519614676
1.6279630267344927
2.1532132583381074
2.0384087677111813
0
2.257310273074625
2.105271944503257
2.646632236135016
2.738305130266043
0
1.7847282689184825
2.2754234498557975
2.035010793269203
2.2477443118557656
2.9273131131393986
2.3274755469254615
2.879975540764099
2.8739090663054414
0
2.499324057624903
2.046784194618168
2.3139704479180287
2.382943743304489
0
2.0804200232760097
1.8041925922982682
2.6424976690969566
2.810317812879533
2.1003409044489927
2.9002745730155994
2.5974697853661013
2.796597298818401
0
0
2.0723560028222643
2.4492775251875725
3.1163499965008126
2.862596308461802
0
2.888748518658693
3.035897367833545
2.1120229724762423
2.644702907293782
0
1.9728790715477644
1.6806737362607944
2.927626175900919
2.6297771634343166
3.031366192543521
0
1.8469497258801968
2.945898403102386
3.101863300644828
2.708437681551264
0
2.519363595000856
2.0687607754475277
1.7913611929343878
3.053696505695762
0
2.504613061013264
1.8112370022527244
1.947086948138551
2.49638181718395
0
0
2.166162533018194
2.645441422328226
2.279701373501679
1.8284176735506672
0
2.710112996687766
1.9209701300982132
1.7993789776142148
2.4044019617775874
0
1.7641713376010297
1.702238099307386
2.39901841311514
2.6620370221077634
0
0
3.091792301486219
2.3248768224156184
2.286340369305938
2.2146386133488316
0
1.8671571057089258
1.8776159726883965
2.1989936126641587
1.994027842677343
3.208599788687501
2.193891513014498
2.1178118493798346
2.0967530243877754
2.4546367678551277
0
0
2.3065182637531607
2.317332259117255
2.1925775068084348
2.350386241157756
0
1.9886875376144157
2.2984737371429547
2.300263613611588
2.0912623510397457
0
2.08165476159833
2.3730461931953273
2.007905778862326
2.5374237110671447
0
0
1.8119176901122127
2.049215974340145
3.0084579822145114
2.6675647551975716
0
0
1.8708956085827253
2.457941029607843
2.011934470736522
2.210726780594041
2.9618981174522623
2.639885346470941
2.2252406687859367
2.5983226750134056
0
0
2.1374117237807906
1.9726983846269104
2.5611083224194116
2.1608542016965795
0
0
2.2432616276891877
2.0553111521836738
1.903491389765723
2.75693024023179
2.3860933059615577
2.83632201424788
2.721478234047211
2.582812234694628
0
2.688367230727588
2.1709413094382404
0
2.3715586314944743
1.9757815520947697
0
2.808342935430331
1.9827872715457802
2.467189831896768
2.0226619878845464
2.6909320223574014
2.3832423667691978
2.341274283722123
2.237767160406559
2.710181773695146
0
0
2.635884234670979
3.21842295940531
3.3300768299244696
2.9750747524747734
0
3.0235682222291773
3.1613318430862734
2.7967714066758997
3.179883619040463
0
1.8955962948523977
2.307934904130898
2.7944114524246335
2.192636155841224
0
0
2.76502379971205
2.716985917462242
2.964330077245464
2.4108797841890643
0
1.821698904694675
2.9803425335671947
2.404120482256167
2.9581265820444678
0
1.8820990553203027
2.1857388083782383
2.8051332006019787
2.5543347980963396
0
3.148943667659824
2.3976864550121917
2.7625217496579366
2.945469261922741
0
0
0
1.907587632244299
2.5956293721035535
2.3806906302937283
2.461817956313505
2.221023656862604
1.860721018698948
3.1033828791345552
2.897007071839966
0
0
2.2507855124224903
2.1192153625258188
2.7502113139965316
2.539802927440109
0
0
2.4609418480377854
2.2517881879968518
2.8400995814881527
2.2748199423047284
3.046451307634789
2.667490119013953
1.9782195683501302
3.2591762329701637
0
0
2.4377952192736396
2.1894773586418594
2.2720463248016824
3.011624708810073
0
2.4599969189653192
2.223138198144732
2.5269272148872717
2.9520427444186326
2.097700271440768
3.0962340855521493
2.153977453511441
2.197686998678104
1.9818941619419215
0
0
2.6334718670757074
1.8321479519134916
2.1205830268334003
2.2527237504791833
0
0
2.1422428059568652
2.1540355426484097
2.783699242058582
3.110177446719358
2.9875150545652813
2.0474105942310206
2.62668716380043
3.1026442220432298
0
3.2537443805311463
2.4490174563726512
2.0916696277194378
2.1064768682389086
2.685726272617013
0
0
3.061175050049739
2.8366057818182853
2.114123667673497
1.9082283068716828
2.4483368341473772
3.023277793087574
2.850953730456214
2.1866037449840228
0
0
2.751102240330045
2.8922582226919578
1.9777340887242996
2.0409501488996273
0
0
2.532679307952837
2.6260750818329055
2.0848865845514863
2.346270090137481
2.2060928441611356
2.0058170828961
2.518580170385
2.7153975900198137
0
2.2680048631737058
1.8069320024380717
2.4669546119459937
2.8014332302437643
2.8244243925439574
0
0
2.758094015705601
3.124400599998859
2.2932667340218145
2.1495877680686437
2.1948330844814947
2.1957632255970836
2.145107094796701
2.568445381628118
0
3.0012728211604247
2.6748163310095583
2.392422138697696
2.724989214286064
2.2242889616664403
0
0
1.5923134154738579
2.411690065440553
2.383737045962503
2.6667267669789885
2.0291572540469627
2.6975728256123603
2.852304061691659
2.1897935522420795
0
2.911828168477327
2.0137330637759665
2.1800460959897006
2.8285529376874154
2.5182529790872126
0
2.1691416842917564
2.3604475449608784
2.677541879092752
2.616555277764417
0
2.644025282660396
2.517546668915585
2.3164675496689195
2.5542797108906337
0
2.9218807732002317
2.815351009219723
2.4399593735640526
2.922452826957742
0
0
2.3664128000661244
1.606422938836489
2.202235863709934
2.46976400900166
0
2.051724131200057
2.1909193352323992
2.56266140077688
2.2053568132247166
0
0
2.2164449115198397
2.1716391158823662
2.8385924159481912
2.1911376116684695
0
2.9520722191348034
2.0947598252128325
3.3967172250793007
2.099834072413412
2.3167575053168346
2.0879665842969666
2.9479836998589155
2.4216820348161168
2.5300141021686935
0
2.124086198784548
2.3053781005545
2.824894187642322
2.674871286209586
0
0
0
2.4150681393843616
2.9149384431523515
2.4063049264170715
3.056110133435422
2.562272391501763
2.899692935874077
2.3064139849967615
2.2342565397043406
0
0
2.017417151220098
0
2.7180548002371596
2.863626156531616
0
2.02356528517679
2.7640870850940686
2.440488857144588
2.718721898901652
0
2.258939474457559
2.8661807931940495
2.960709925488594
2.525073044442064
0
2.138386388761859
2.0151372561668377
2.4201125578219638
2.8163182981279533
0
0
0
2.5920612854132172
3.1925950917974375
2.092885329166589
2.6654682481866776
2.116171875705105
2.217856682742935
2.184400984624065
2.5019376174891548
0
0
2.8522744844624075
2.3476081031979543
2.273472223424056
2.4582619056368293
0
2.7724979231471507
3.247330409176533
2.9055026543807885
2.3712821667380783
2.3394528210099566
2.028137165925996
2.6051066534320415
2.569043957973124
0
0
2.190883877886884
2.675005578290599
2.4329972288680324
2.530827215546201
2.916053688431704
0
0
2.331979078715282
2.2358978898361763
2.8458956655340995
2.587846883180008
2.8608729753354574
2.309203523715913
3.032590217768178
2.9421000722843247
3.075598097819646
0
2.2137983355824433
2.329454065765447
2.148395235250541
3.054598487719693
2.9177437775134627
0
0
2.2740536301035146
2.7202207224319617
2.3145242679435793
2.5096267357537183
2.1081977873582805
2.566818269287266
2.7683359833170993
2.837129483002613
2.410690499323748
0
1.8369893480415187
3.0060823832269055
3.0727826305369637
2.321202193555153
0
0
1.9237854737657587
2.6138132413432342
2.12052857372109
3.3318611379565835
2.247232412671648
2.496849703961997
2.3005219357030504
2.810931610918473
0
0
0
2.579930311561729
3.196797642877841
1.987449948546911
2.611801506111991
0
2.1716056164789053
2.849416086345293
2.3762858964047298
2.8958904156531133
1.7638647236163711
2.3782954076007488
2.1603912447696696
2.6192779145662994
0
0
2.505017927979359
2.9499150355543917
2.6149963790179083
2.635915934908022
0
0
1.932154975482232
2.9967317572983805
2.9617494092660865
2.537274165967403
2.230690740638319
2.343519352863764
3.0490498040177947
2.8997541892180054
0
0
0
1.972430261468113
3.3017956929239927
2.778385041674185
2.0897056230886104
0
2.0298585249159613
2.831751741306601
2.2909045939790817
2.434468036422668
2.160451203495699
2.506349623864207
2.250112025674533
2.210129007906371
2.885491483678133
0
2.316489091452227
2.410453373655732
2.132307902664386
2.4519253089497863
2.5763377225766133
0
0
2.444013468643176
2.2883030966500515
2.682480859376267
2.0810116510222723
0
2.0499115203845113
1.7376434302106527
2.1617687555522167
2.103990941529475
0
2.382388021152415
1.9663866270354171
2.8901739224225933
2.2125456455898607
0
0
0
2.321888985184967
2.802259915728357
2.726273721934533
2.488017752516281
2.1969201000158756
2.7771646198017836
2.660544435131852
2.283650496512457
0
2.2764556406047722
2.818069398761565
2.3760598584202803
2.448564788619244
0
0
1.8078807147615905
2.299291838638454
2.959021496772516
1.999027234350598
0
2.9006325139187137
2.171992737290293
2.7058517579035426
2.2373650820243784
0
1.8946251263170664
2.58494568269371
2.3180841796467995
2.7245936138485782
0
0
2.1892261410824174
1.957245161353173
2.8395540626745728
2.3099667827290067
0
2.437232265539761
2.5868020653562325
2.524419719824359
2.2030787507882974
0
2.372998620463087
2.0056082309446315
3.045827185513528
2.163720850376305
0
2.512619306633669
2.500571216984626
3.3436601044941474
2.7464921079490776
0
2.3866749672985645
3.042153555768342
2.14700032009428
2.6141191229547345
0
2.6210986330777777
2.3506000393211957
2.3669053301622034
2.779613047428665
0
0
1.830417488872437
2.5062886600042225
2.7303878500034116
2.9026275596449502
2.2008041121461166
2.614953367316086
2.0304563994362783
2.4940285034103127
0
2.579490140674104
2.280220852069514
2.7810481143945114
2.5560161271162367
0
0
2.636469643181613
2.9091287010282407
2.658772456676952
3.2605242446845706
0
2.779496605803441
2.281975802427947
2.861980302084209
2.8986840719862546
0
2.7540193430131428
2.9165903632286425
2.4451454768111227
2.5905981463257857
0
0
0
2.5086824145767883
2.9037240315815773
2.948517401985758
3.0162168213402705
1.9652930155935062
2.605177823767026
2.044031050881615
2.894060338365982
0
0
2.18336954083511
2.473647042170384
2.713954106627606
0
1.8012779718507244
2.7896850741335806
3.155415110464889
3.1482170201507826
2.5176377243171495
1.9812888540317362
3.0476957502618998
2.8807254890754255
0
2.1616723563295324
2.501321058205195
2.872802443181242
2.485568204396081
0
0
2.5671466185216585
3.2779666171254696
2.3464621801718653
2.4286497089504158
0
2.0870852995075078
2.8186962629606187
2.2095653519124965
2.154421924012939
0
1.7857357787482913
3.165025161431834
3.466821464864592
2.9831510615863968
0
2.275731379045951
2.4774926174774983
2.3168079566697553
2.778917093544301
1.8667197571103367
2.2318106527321624
2.7243173186842538
3.3203577092779213
0
2.3683662318337917
2.366455625612909
3.003973556162524
3.078262316050143
0
0
2.8113396848217858
2.4455109510774453
2.6203432771719832
2.91574275219017
2.0095902756942587
2.1214882087921048
2.212483502352366
2.9197604972162425
0
0
2.2187370679467993
2.7649554531006877
2.7380440663542363
2.547129888952592
0
0
2.281076764275456
2.522709865368551
3.1045372795235586
2.5077897800609033
2.0934542978811512
2.0785319452267728
3.0266185975852338
2.5782884151153027
0
2.9718694692977365
2.0899136113280985
2.962605712662296
2.578694832771283
0
0
0
2.2400477425617953
1.6971866886808582
2.171096580873379
2.853569158445536
1.6902638691233087
2.2789168403482014
2.545236847511892
1.979909667226133
0
2.2028298416905505
2.4753758485564115
2.687815450134792
2.8520707104370273
0
2.07530687081669
2.4824407952343917
2.542214227478231
2.4094359052599934
2.374774994918216
1.890755868407102
2.7183936414657643
2.5835664578300115
0
0
2.396163705113581
3.1495222402134013
2.351416599244866
2.8114597047384464
0
0
2.0014048580437533
2.4948162474834277
2.2059509185270354
3.081996669351221
2.925008981321308
2.9351446573311053
2.952078410667506
2.524984971467995
0
2.5140400602822295
2.2861294075704643
2.3657659434656666
2.571556903635657
0
2.353621922499834
2.2715259454583716
2.628010137937729
2.5183594485535634
2.3887240291187495
2.953121342293578
2.7036949892898496
2.9680937954372526
0
0
0
2.0620893574913306
2.539256999349538
2.0140422175327384
3.004065213809389
2.355815902220353
1.9414864483534144
0
0
1.871022323774477
2.991055293210352
3.4668826600604166
2.2397690593064805
2.1281367799947732
2.7632026990630285
2.5360877418018815
2.233840483092845
0
1.8734039586688278
2.6149307007078106
2.4745057724374515
2.64595517339856
0
0
0
2.058365572419809
2.2137759987158594
2.941810889809781
2.8096982552529592
1.9840064784158922
2.577116412763428
2.149792727198011
2.2946985300520537
0
1.8311339133149869
2.1944863995064505
2.59511432815825
2.2418234498439302
0
2.1456914200233577
2.0610729979889437
2.7156871265893123
2.4363748359304336
2.535665806390321
2.6901200625958706
2.45068312553446
2.4577735363354263
1.9219058109470832
